186, 26, 0, 0, 0,
185, 0, 0, 0, 0,
187, 1, 0, 0, 0,
184, 4, 0, 0, 0,
205, 128,
187, 0, 0, 0, 0,
184, 1, 0, 0, 0,
205, 128,
195,
190, 26, 0, 0, 0,
191, 0, 0, 0, 0,
185, 0, 0, 0, 0,
184, 0, 0, 0, 0,
187, 10, 0, 0, 0,
138, 12, 62, // 开始异常 15行 60 逆向正确 mov cl, [esi + edi]
129, 249, 10, 0, 0, 0, // 应该是 16行 逆向正确 cmp ecx, 10
15, 132, 16, 0, 0, 0, // 应该是 17行 逆向(地址偏移未知) je 0x10 (❌16 处为91)
71, 247, 235, // 18行？ 逆向为， imul ebx。 不太正确
1, 200,
129, 232, 48, 0, 0, 0,
233, 225, 255, 255, 255, // ❌ 此处233 60 0 0 0
137, 249,
136, 13, 25, 1, 0, 0,
138,30,
195,
232, 252, 255, 255, 255,
187, 0, 0, 0, 0,
184, 1, 0, 0, 0,
205, 128,